	Clontech	Illumina	NEB	NEXTflex	Deduped	Fivepercent
GC	2.21	3.49	2.97	2.06	1.82	1.38
length	0.43	0.01	0.00	0.12	0.33	0.13
FoldG	6.76	0.24	0.03	10.20	10.70	9.26
First_base	3.41	2.34	3.04	2.94	3.40	2.85
Last_base	3.47	1.95	0.87	0.38	0.51	0.39
First_2_bases	5.59	0.80	0.97	0.88	1.44	1.16
First_4_bases	24.50	27.90	27.70	25.70	25.10	23.20
Last_2_bases	0.93	3.28	5.75	1.42	1.44	1.31
Last_4_bases	19.70	25.20	25.80	22.00	20.90	20.90
rep	0.36	1.53	1.77	2.03	2.33	2.05
dublets	0.18	0.27	0.55	0.01	0.05	0.01
AAAA	0.00	0.01	0.12	0.01	0.05	0.06
TTTT	0.01	0.00	0.01	0.01	0.04	0.02
CCCC	0.13	0.10	0.07	0.09	0.04	0.13
GGGG	0.06	0.06	0.06	0.04	0.01	0.08
anyA	0.60	0.01	0.06	0.01	0.00	0.00
anyT	0.66	0.03	0.03	0.03	0.01	0.00
anyC	0.10	1.21	1.30	1.50	1.54	1.28
anyG	0.14	0.43	0.49	0.67	0.61	0.59
Residuals	31.40	31.20	28.60	30.00	29.70	35.30


